49
68
81
45
43
84
87
91
88
14
44
78
35
31
15
70
9
51
90
29
65
3
44
6
73
88
12
30
56
39
64
29
74
68
28
100
79
47
39
44
73
65
38
33
11
18
71
55
80
54
40
17
65
94
33
11
87
76
36
37
85
63
16
95
2
25
32
79
77
81
58
42
88
66
18
31
48
12
81
90
71
12
24
63
59
16
19
3
70
18
91
72
94
1
85
46
23
37
76
73
26
72
12
56
31
25
59
95
79
47
73
20
46
91
16
28
77
1
78
34
13
44
23
78
72
92
78
3
80
62
34
98
74
46
86
62
48
50
90
7
60
3
55
6
80
76
30
85
49
35
66
78
16
84
59
40
44
42
2
81
76
53
97
30
75
47
47
39
78
3
20
47
71
75
90
74
56
85
56
41
61
6
94
42
30
46
53
24
93
26
73
44
65
29
29
5
12
68
66
24
85
23
30
94
21
79
86
33
41
10
89
14
94
27
54
44
68
28
11
26
51
5
2
45
30
8
59
79
1
6
52
41
81
43
65
89
21
48
88
28
87
48
19
55
35
60
16
46
55
1
47
52
13
79
31
63
47
50
88
84
9
22
23
72
15
70
60
3
14
13
51
96
10
88
52
40
44
40
91
75
89
33
88
24
79
36
15
22
1
73
48
79
51
35
62
65
93
99
64
100
84
84
62
11
37
60
70
37
77
27
66
34
83
97
56
42
65
19
47
9
40
96
26
33
70
16
81
96
79
46
97
21
9
5
50
96
71
38
82
31
83
64
52
45
38
59
96
52
3
66
61
82
38
43
23
85
60
99
66
74
5
62
20
100
83
11
28
44
34
22
22
9
6
39
54
38
85
45
3
49
13
40
22
63
67
21
54
35
73
43
67
70
83
32
52
73
15
65
31
58
90
47
39
30
97
63
69
72
15
96
6
40
54
24
20
84
99
11
75
87
77
36
7
4
80
23
24
83
17
6
10
77
18
55
18
1
78
86
82
17
78
96
5
35
87
22
5
52
73
7
3
23
42
94
43
26
4
98
59
42
2
35
28
66
27
64
47
42
71
33
15
47
33
75
82
40
26
70
20
12
40
57
40
64
6
37
62
58
56
4
98
9
41
26
46
36
80
11
10
58
30
5
15
31
20
22
83
100
24
58
83
52
52
23
49
5
46
62
5
87
43
91
96
98
63
59
77
30
92
81
16
48
92
81
88
39
83
15
15
38
66
100
66
68
27
17
3
38
25
34
83
51
58
91
24
55
75
83
33
40
22
60
8
24
85
70
19
99
33
74
3
92
54
7
7
37
38
30
65
37
79
69
16
10
95
36
6
27
33
4
59
46
98
32
67
50
37
51
75
27
24
19
5
98
20
59
17
63
34
76
67
77
57
97
43
21
28
28
76
92
46
21
6
78
23
54
59
55
52
34
20
100
79
4
18
5
74
61
67
9
92
9
48
25
66
69
58
30
3
71
70
64
13
69
22
86
15
30
57
31
51
41
13
14
74
85
93
8
79
45
7
82
20
19
12
9
72
84
62
16
75
70
9
47
92
49
40
35
73
4
14
91
90
43
88
1
16
100
96
24
36
6
54
60
95
10
15
64
42
38
90
23
6
83
93
61
45
59
22
22
76
32
58
2
59
59
63
49
100
69
98
100
25
60
54
31
1
3
64
96
38
11
28
44
22
76
41
37
93
19
9
61
22
33
59
61
9
60
79
67
61
2
58
54
81
7
34
73
76
35
12
5
6
71
49
67
48
43
74
34
14
62
55
74
54
1
86
65
16
62
84
76
93
33
32
71
41
31
37
87
71
19
41
5
86
67
88
82
44
82
5
95
71
38
37
86
45
92
47
4
79
31
89
12
82
34
53
8
1
73
17
62
29
55
89
18
76
6
99
86
28
76
94
4
39
89
75
12
16
30
76
31
4
100
27
51
37
35
26
11
68
11
24
14
15
30
59
39
91
7
3
97
69
91
85
15
38
97
4
17
97
25
47
37
83
34
73
20
48
86
70
31
12
7
96
28
66
96
78
5
85
3
9
30
50
19
8
35
77
38
8
85
19
44
99
72
46
24
27
41
46
41
4
95
63
43
67
40
24
46
8
94
71
13
56
52
76
6
45
68
90
80
55
6
48
7
27
62
28
94
66
55
6
99
16
80
40
35
90
89
51
82
1
87
70
81
69
21
90
63
96
48
31
28
68
58
12
21
80
2
46
46
31
40
76
49
75
84
85
11
9
28
73
74
20
49
62
30
88
2